DZA: 2000-[1, 2, 3, 4, 5, 6, 7, 8, 9, 10, 11, 12]
DZA: 2001-[1, 2, 3, 4, 5, 6, 7, 8, 9, 10, 11, 12]
DZA: 2002-[1, 2, 3, 4, 5, 6, 7, 8, 9, 10, 11, 12]
DZA: 2003-[1, 2, 3, 4, 5, 6, 7, 8, 9, 10, 11, 12]
DZA: 2004-[1, 2, 3, 4, 5, 6, 7, 8, 9, 10, 11, 12]
DZA: 2005-[1, 2, 3, 4, 5, 6, 7, 8, 9, 10, 11, 12]
DZA: 2006-[1, 2, 3, 4, 5, 6, 7, 8, 9, 10, 11, 12]
DZA: 2007-[1, 2, 3, 4, 5, 6, 7, 8, 9, 10, 11, 12]
DZA: 2008-[1, 2, 3, 4, 5, 6, 7, 8, 9, 10, 11, 12]
DZA: 2009-[1, 2, 3, 4, 5, 6, 7, 8, 9, 10, 11, 12]
DZA: 2010-[1, 2, 3, 4, 5, 6, 7, 8, 9, 10, 11, 12]
DZA: 2011-[1, 2, 3, 4, 5, 6, 7, 8, 9, 10, 11, 12]
DZA: 2012-[1, 2, 3, 4, 5, 6, 7, 8, 9, 10, 11, 12]
DZA: 2013-[1, 2, 3, 4, 5, 6, 7, 8, 9, 10, 11, 12]
DZA: 2014-[1, 2, 3, 4, 5, 6, 7, 8, 9, 10, 11, 12]
DZA: 2015-[1, 2, 3, 4, 5, 6, 7, 8, 9, 10, 11, 12]
DZA: 2016-[1, 2, 3, 4, 5, 6, 7, 8, 9, 10, 11, 12]
DZA: 2017-[1, 2, 3, 4, 5, 6, 7, 8, 9, 10, 11, 12]
DZA: 2018-[1, 2, 3, 4, 5, 6, 7, 8, 9, 10, 11, 12]
DZA: 2019-[1, 2, 3, 4, 5, 6, 7]
EGY: 2000-[1, 2, 3, 4, 5, 6, 7, 8, 9, 10, 11, 12]
EGY: 2001-[1, 2, 3, 4, 5, 6, 7, 8, 9, 10, 11, 12]
EGY: 2002-[1, 2, 3, 4, 5, 6, 7, 8, 9, 10, 11, 12]
EGY: 2003-[1, 2, 3, 4, 5, 6, 7, 8, 9, 10, 11, 12]
EGY: 2004-[1, 2, 3, 4, 5, 6, 7, 8, 9, 10, 11, 12]
EGY: 2005-[1, 2, 3, 4, 5, 6, 7, 8, 9, 10, 11, 12]
EGY: 2006-[1, 2, 3, 4, 5, 6, 7, 8, 9, 10, 11, 12]
EGY: 2007-[1, 2, 3, 4, 5, 6, 7, 8, 9, 10, 11, 12]
EGY: 2008-[1, 2, 3, 4, 5, 6, 7, 8, 9, 10, 11, 12]
EGY: 2009-[1, 2, 3, 4, 5, 6, 7, 8, 9, 10, 11, 12]
EGY: 2010-[1, 2, 3, 4, 5, 6, 7, 8, 9, 10, 11, 12]
EGY: 2011-[1, 2, 3, 4, 5, 6, 7, 8, 9, 10, 11, 12]
EGY: 2012-[1, 2, 3, 4, 5, 6, 7, 8, 9, 10, 11, 12]
EGY: 2013-[1, 2, 3, 4, 5, 6, 7, 8, 9, 10, 11, 12]
EGY: 2014-[1, 2, 3, 4, 5, 6, 7, 8, 9, 10, 11, 12]
EGY: 2015-[1, 2, 3, 4, 5, 6, 7, 8, 9, 10, 11, 12]
EGY: 2016-[1, 2, 3, 4, 5, 6, 7, 8, 9, 10, 11, 12]
EGY: 2017-[1, 2, 3, 4, 5, 6, 7, 8, 9, 10, 11, 12]
EGY: 2018-[1, 2, 3, 4, 5, 6, 7, 8, 9, 10, 11, 12]
EGY: 2019-[1, 2, 3, 4, 5, 6, 7]
LBY: 2000-[1, 2, 3, 4, 5, 6, 7, 8, 9, 10, 11, 12]
LBY: 2001-[1, 2, 3, 4, 5, 6, 7, 8, 9, 10, 11, 12]
LBY: 2002-[1, 2, 3, 4, 5, 6, 7, 8, 9, 10, 11, 12]
LBY: 2003-[1, 2, 3, 4, 5, 6, 7, 8, 9, 10, 11, 12]
LBY: 2004-[1, 2, 3, 4, 5, 6, 7, 8, 9, 10, 11, 12]
LBY: 2005-[1, 2, 3, 4, 5, 6, 7, 8, 9, 10, 11, 12]
LBY: 2006-[1, 2, 3, 4, 5, 6, 7, 8, 9, 10, 11, 12]
LBY: 2007-[1, 2, 3, 4, 5, 6, 7, 8, 9, 10, 11, 12]
LBY: 2008-[1, 2, 3, 4, 5, 6, 7, 8, 9, 10, 11, 12]
LBY: 2009-[1, 2, 3, 4, 5, 6, 7, 8, 9, 10, 11, 12]
LBY: 2010-[1, 2, 3, 4, 5, 6, 7, 8, 9, 10, 11, 12]
LBY: 2011-[1, 2, 3, 4, 5, 6, 7, 8, 9, 10, 11, 12]
LBY: 2012-[1, 2, 3, 4, 5, 6, 7, 8, 9, 10, 11, 12]
LBY: 2013-[1, 2, 3, 4, 5, 6, 7, 8, 9, 10, 11, 12]
LBY: 2014-[1, 2, 3, 4, 5, 6, 7, 8, 9, 10, 11, 12]
LBY: 2015-[1, 2, 3, 4, 5, 6, 7, 8, 9, 10, 11, 12]
LBY: 2016-[1, 2, 3, 4, 5, 6, 7, 8, 9, 10, 11, 12]
LBY: 2017-[1, 2, 3, 4, 5, 6, 7, 8, 9, 10, 11, 12]
LBY: 2018-[1, 2, 3, 4, 5, 6, 7, 8, 9, 10, 11, 12]
LBY: 2019-[1, 2, 3, 4, 5, 6, 7]
SDN: 2000-[1, 2, 3, 4, 5, 6, 7, 8, 9, 10, 11, 12]
SDN: 2001-[1, 2, 3, 4, 5, 6, 7, 8, 9, 10, 11, 12]
SDN: 2002-[1, 2, 3, 4, 5, 6, 7, 8, 9, 10, 11, 12]
SDN: 2003-[1, 2, 3, 4, 5, 6, 7, 8, 9, 10, 11, 12]
SDN: 2004-[1, 2, 3, 4, 5, 6, 7, 8, 9, 10, 11, 12]
SDN: 2005-[1, 2, 3, 4, 5, 6, 7, 8, 9, 10, 11, 12]
SDN: 2006-[1, 2, 3, 4, 5, 6, 7, 8, 9, 10, 11, 12]
SDN: 2007-[1, 2, 3, 4, 5, 6, 7, 8, 9, 10, 11, 12]
SDN: 2008-[1, 2, 3, 4, 5, 6, 7, 8, 9, 10, 11, 12]
SDN: 2009-[1, 2, 3, 4, 5, 6, 7, 8, 9, 10, 11, 12]
SDN: 2010-[1, 2, 3, 4, 5, 6, 7, 8, 9, 10, 11, 12]
SDN: 2011-[1, 2, 3, 4, 5, 6, 7, 8, 9, 10, 11, 12]
SDN: 2012-[1, 2, 3, 4, 5, 6, 7, 8, 9, 10, 11, 12]
SDN: 2013-[1, 2, 3, 4, 5, 6, 7, 8, 9, 10, 11, 12]
SDN: 2014-[1, 2, 3, 4, 5, 6, 7, 8, 9, 10, 11, 12]
SDN: 2015-[1, 2, 3, 4, 5, 6, 7, 8, 9, 10, 11, 12]
SDN: 2016-[1, 2, 3, 4, 5, 6, 7, 8, 9, 10, 11, 12]
SDN: 2017-[1, 2, 3, 4, 5, 6, 7, 8, 9, 10, 11, 12]
SDN: 2018-[1, 2, 3, 4, 5, 6, 7, 8, 9, 10, 11, 12]
SDN: 2019-[1, 2, 3, 4, 5, 6, 7]
MAR: 2000-[1, 2, 3, 4, 5, 6, 7, 8, 9, 10, 11, 12]
MAR: 2001-[1, 2, 3, 4, 5, 6, 7, 8, 9, 10, 11, 12]
MAR: 2002-[1, 2, 3, 4, 5, 6, 7, 8, 9, 10, 11, 12]
MAR: 2003-[1, 2, 3, 4, 5, 6, 7, 8, 9, 10, 11, 12]
MAR: 2004-[1, 2, 3, 4, 5, 6, 7, 8, 9, 10, 11, 12]
MAR: 2005-[1, 2, 3, 4, 5, 6, 7, 8, 9, 10, 11, 12]
MAR: 2006-[1, 2, 3, 4, 5, 6, 7, 8, 9, 10, 11, 12]
MAR: 2007-[1, 2, 3, 4, 5, 6, 7, 8, 9, 10, 11, 12]
MAR: 2008-[1, 2, 3, 4, 5, 6, 7, 8, 9, 10, 11, 12]
MAR: 2009-[1, 2, 3, 4, 5, 6, 7, 8, 9, 10, 11, 12]
MAR: 2010-[1, 2, 3, 4, 5, 6, 7, 8, 9, 10, 11, 12]
MAR: 2011-[1, 2, 3, 4, 5, 6, 7, 8, 9, 10, 11, 12]
MAR: 2012-[1, 2, 3, 4, 5, 6, 7, 8, 9, 10, 11, 12]
MAR: 2013-[1, 2, 3, 4, 5, 6, 7, 8, 9, 10, 11, 12]
MAR: 2014-[1, 2, 3, 4, 5, 6, 7, 8, 9, 10, 11, 12]
MAR: 2015-[1, 2, 3, 4, 5, 6, 7, 8, 9, 10, 11, 12]
MAR: 2016-[1, 2, 3, 4, 5, 6, 7, 8, 9, 10, 11, 12]
MAR: 2017-[1, 2, 3, 4, 5, 6, 7, 8, 9, 10, 11, 12]
MAR: 2018-[1, 2, 3, 4, 5, 6, 7, 8, 9, 10, 11, 12]
MAR: 2019-[1, 2, 3, 4, 5, 6, 7]
TUN: 2000-[1, 2, 3, 4, 5, 6, 7, 8, 9, 10, 11, 12]
TUN: 2001-[1, 2, 3, 4, 5, 6, 7, 8, 9, 10, 11, 12]
TUN: 2002-[1, 2, 3, 4, 5, 6, 7, 8, 9, 10, 11, 12]
TUN: 2003-[1, 2, 3, 4, 5, 6, 7, 8, 9, 10, 11, 12]
TUN: 2004-[1, 2, 3, 4, 5, 6, 7, 8, 9, 10, 11, 12]
TUN: 2005-[1, 2, 3, 4, 5, 6, 7, 8, 9, 10, 11, 12]
TUN: 2006-[1, 2, 3, 4, 5, 6, 7, 8, 9, 10, 11, 12]
TUN: 2007-[1, 2, 3, 4, 5, 6, 7, 8, 9, 10, 11, 12]
TUN: 2008-[1, 2, 3, 4, 5, 6, 7, 8, 9, 10, 11, 12]
TUN: 2009-[1, 2, 3, 4, 5, 6, 7, 8, 9, 10, 11, 12]
TUN: 2010-[1, 2, 3, 4, 5, 6, 7, 8, 9, 10, 11, 12]
TUN: 2011-[1, 2, 3, 4, 5, 6, 7, 8, 9, 10, 11, 12]
TUN: 2012-[1, 2, 3, 4, 5, 6, 7, 8, 9, 10, 11, 12]
TUN: 2013-[1, 2, 3, 4, 5, 6, 7, 8, 9, 10, 11, 12]
TUN: 2014-[1, 2, 3, 4, 5, 6, 7, 8, 9, 10, 11, 12]
TUN: 2015-[1, 2, 3, 4, 5, 6, 7, 8, 9, 10, 11, 12]
TUN: 2016-[1, 2, 3, 4, 5, 6, 7, 8, 9, 10, 11, 12]
TUN: 2017-[1, 2, 3, 4, 5, 6, 7, 8, 9, 10, 11, 12]
TUN: 2018-[1, 2, 3, 4, 5, 6, 7, 8, 9, 10, 11, 12]
TUN: 2019-[1, 2, 3, 4, 5, 6, 7]
SAU: 2015-[1, 2, 3, 4, 5, 6, 7, 8, 9, 10, 11, 12]
SAU: 2016-[1, 2, 3, 4, 5, 6, 7, 8, 9, 10, 11, 12]
SAU: 2017-[1, 2, 3, 4, 5, 6, 7, 8, 9, 10, 11, 12]
SAU: 2018-[1, 2, 3, 4, 5, 6, 7, 8, 9, 10, 11, 12]
SAU: 2019-[1, 2, 3, 4, 5, 6, 7]
YEM: 2015-[1, 2, 3, 4, 5, 6, 7, 8, 9, 10, 11, 12]
YEM: 2016-[1, 2, 3, 4, 5, 6, 7, 8, 9, 10, 11, 12]
YEM: 2017-[1, 2, 3, 4, 5, 6, 7, 8, 9, 10, 11, 12]
YEM: 2018-[1, 2, 3, 4, 5, 6, 7, 8, 9, 10, 11, 12]
YEM: 2019-[1, 2, 3, 4, 5, 6, 7]
BHR: 2016-[1, 2, 3, 4, 5, 6, 7, 8, 9, 10, 11, 12]
BHR: 2017-[1, 2, 3, 4, 5, 6, 7, 8, 9, 10, 11, 12]
BHR: 2018-[1, 2, 3, 4, 5, 6, 7, 8, 9, 10, 11, 12]
BHR: 2019-[1, 2, 3, 4, 5, 6, 7]
IRN: 2016-[1, 2, 3, 4, 5, 6, 7, 8, 9, 10, 11, 12]
IRN: 2017-[1, 2, 3, 4, 5, 6, 7, 8, 9, 10, 11, 12]
IRN: 2018-[1, 2, 3, 4, 5, 6, 7, 8, 9, 10, 11, 12]
IRN: 2019-[1, 2, 3, 4, 5, 6, 7]
IRQ: 2016-[1, 2, 3, 4, 5, 6, 7, 8, 9, 10, 11, 12]
IRQ: 2017-[1, 2, 3, 4, 5, 6, 7, 8, 9, 10, 11, 12]
IRQ: 2018-[1, 2, 3, 4, 5, 6, 7, 8, 9, 10, 11, 12]
IRQ: 2019-[1, 2, 3, 4, 5, 6, 7]
JOR: 2016-[1, 2, 3, 4, 5, 6, 7, 8, 9, 10, 11, 12]
JOR: 2017-[1, 2, 3, 4, 5, 6, 7, 8, 9, 10, 11, 12]
JOR: 2018-[1, 2, 3, 4, 5, 6, 7, 8, 9, 10, 11, 12]
JOR: 2019-[1, 2, 3, 4, 5, 6, 7]
KWT: 2016-[1, 2, 3, 4, 5, 6, 7, 8, 9, 10, 11, 12]
KWT: 2017-[1, 2, 3, 4, 5, 6, 7, 8, 9, 10, 11, 12]
KWT: 2018-[1, 2, 3, 4, 5, 6, 7, 8, 9, 10, 11, 12]
KWT: 2019-[1, 2, 3, 4, 5, 6, 7]
LBN: 2016-[1, 2, 3, 4, 5, 6, 7, 8, 9, 10, 11, 12]
LBN: 2017-[1, 2, 3, 4, 5, 6, 7, 8, 9, 10, 11, 12]
LBN: 2018-[1, 2, 3, 4, 5, 6, 7, 8, 9, 10, 11, 12]
LBN: 2019-[1, 2, 3, 4, 5, 6, 7]
OMN: 2016-[1, 2, 3, 4, 5, 6, 7, 8, 9, 10, 11, 12]
OMN: 2017-[1, 2, 3, 4, 5, 6, 7, 8, 9, 10, 11, 12]
OMN: 2018-[1, 2, 3, 4, 5, 6, 7, 8, 9, 10, 11, 12]
OMN: 2019-[1, 2, 3, 4, 5, 6, 7]
SYR: 2017-[1, 2, 3, 4, 5, 6, 7, 8, 9, 10, 11, 12]
SYR: 2018-[1, 2, 3, 4, 5, 6, 7, 8, 9, 10, 11, 12]
SYR: 2019-[1, 2, 3, 4, 5, 6, 7]
QAT: 2017-[1, 2, 3, 4, 5, 6, 7, 8, 9, 10, 11, 12]
QAT: 2019-[1, 2, 3, 4, 5, 6, 7]
QAT: 2018-[1, 2, 3, 4, 5, 6, 7, 8, 9, 10, 11, 12]
ARE: 2017-[1, 2, 3, 4, 5, 6, 7, 8, 9, 10, 11, 12]
ARE: 2018-[1, 2, 3, 4, 5, 6, 7, 8, 9, 10, 11, 12]
ARE: 2019-[1, 2, 3, 4, 5, 6, 7]
