AGO: [2000, 2001, 2002, 2003, 2004, 2005, 2006, 2007, 2008, 2009, 2010, 2011, 2012, 2013, 2014, 2015, 2016, 2017, 2018, 2019]
BDI: [2000, 2001, 2002, 2003, 2004, 2005, 2006, 2007, 2008, 2009, 2010, 2011, 2012, 2013, 2014, 2015, 2016, 2017, 2018, 2019]
BEN: [2000, 2001, 2002, 2003, 2004, 2005, 2006, 2007, 2008, 2009, 2010, 2011, 2012, 2013, 2014, 2015, 2016, 2017, 2018, 2019]
BFA: [2000, 2001, 2002, 2003, 2004, 2005, 2006, 2007, 2008, 2009, 2010, 2011, 2012, 2013, 2014, 2015, 2016, 2017, 2018, 2019]
BWA: [2000, 2001, 2002, 2003, 2004, 2005, 2006, 2007, 2008, 2009, 2010, 2011, 2012, 2013, 2014, 2015, 2016, 2017, 2018, 2019]
CAF: [2000, 2001, 2002, 2003, 2004, 2005, 2006, 2007, 2008, 2009, 2010, 2011, 2012, 2013, 2014, 2015, 2016, 2017, 2018, 2019]
CIV: [2000, 2001, 2002, 2003, 2004, 2005, 2006, 2007, 2008, 2009, 2010, 2011, 2012, 2013, 2014, 2015, 2016, 2017, 2018, 2019]
CMR: [2000, 2001, 2002, 2003, 2004, 2005, 2006, 2007, 2008, 2009, 2010, 2011, 2012, 2013, 2014, 2015, 2016, 2017, 2018, 2019]
COG: [2000, 2001, 2002, 2003, 2004, 2005, 2006, 2007, 2008, 2009, 2010, 2011, 2012, 2013, 2014, 2015, 2016, 2017, 2018, 2019]
DJI: [2000, 2001, 2002, 2003, 2004, 2005, 2006, 2007, 2008, 2009, 2010, 2011, 2012, 2013, 2014, 2015, 2016, 2017, 2018, 2019]
DZA: [2000, 2001, 2002, 2003, 2004, 2005, 2006, 2007, 2008, 2009, 2010, 2011, 2012, 2013, 2014, 2015, 2016, 2017, 2018, 2019]
EGY: [2000, 2001, 2002, 2003, 2004, 2005, 2006, 2007, 2008, 2009, 2010, 2011, 2012, 2013, 2014, 2015, 2016, 2017, 2018, 2019]
ERI: [2000, 2001, 2002, 2003, 2004, 2005, 2006, 2007, 2008, 2009, 2010, 2011, 2012, 2013, 2014, 2015, 2016, 2017, 2018, 2019]
ETH: [2000, 2001, 2002, 2003, 2004, 2005, 2006, 2007, 2008, 2009, 2010, 2011, 2012, 2013, 2014, 2015, 2016, 2017, 2018, 2019]
GAB: [2000, 2001, 2002, 2003, 2004, 2005, 2006, 2007, 2008, 2009, 2010, 2011, 2012, 2013, 2014, 2015, 2016, 2017, 2018, 2019]
GHA: [2000, 2001, 2002, 2003, 2004, 2005, 2006, 2007, 2008, 2009, 2010, 2011, 2012, 2013, 2014, 2015, 2016, 2017, 2018, 2019]
GIN: [2000, 2001, 2002, 2003, 2004, 2005, 2006, 2007, 2008, 2009, 2010, 2011, 2012, 2013, 2014, 2015, 2016, 2017, 2018, 2019]
GMB: [2000, 2001, 2002, 2003, 2004, 2005, 2006, 2007, 2008, 2009, 2010, 2011, 2012, 2013, 2014, 2015, 2016, 2017, 2018, 2019]
GNB: [2000, 2001, 2002, 2003, 2004, 2005, 2006, 2007, 2008, 2009, 2010, 2011, 2012, 2013, 2014, 2015, 2016, 2017, 2018, 2019]
GNQ: [2000, 2001, 2002, 2003, 2004, 2005, 2006, 2007, 2008, 2009, 2010, 2011, 2012, 2013, 2014, 2015, 2016, 2017, 2018, 2019]
KEN: [2000, 2001, 2002, 2003, 2004, 2005, 2006, 2007, 2008, 2009, 2010, 2011, 2012, 2013, 2014, 2015, 2016, 2017, 2018, 2019]
LBR: [2000, 2001, 2002, 2003, 2004, 2005, 2006, 2007, 2008, 2009, 2010, 2011, 2012, 2013, 2014, 2015, 2016, 2017, 2018, 2019]
LBY: [2000, 2001, 2002, 2003, 2004, 2005, 2006, 2007, 2008, 2009, 2010, 2011, 2012, 2013, 2014, 2015, 2016, 2017, 2018, 2019]
LSO: [2000, 2001, 2002, 2003, 2004, 2005, 2006, 2007, 2008, 2009, 2010, 2011, 2012, 2013, 2014, 2015, 2016, 2017, 2018, 2019]
MAR: [2000, 2001, 2002, 2003, 2004, 2005, 2006, 2007, 2008, 2009, 2010, 2011, 2012, 2013, 2014, 2015, 2016, 2017, 2018, 2019]
MDG: [2000, 2001, 2002, 2003, 2004, 2005, 2006, 2007, 2008, 2009, 2010, 2011, 2012, 2013, 2014, 2015, 2016, 2017, 2018, 2019]
MLI: [2000, 2001, 2002, 2003, 2004, 2005, 2006, 2007, 2008, 2009, 2010, 2011, 2012, 2013, 2014, 2015, 2016, 2017, 2018, 2019]
MOZ: [2000, 2001, 2002, 2003, 2004, 2005, 2006, 2007, 2008, 2009, 2010, 2011, 2012, 2013, 2014, 2015, 2016, 2017, 2018, 2019]
MRT: [2000, 2001, 2002, 2003, 2004, 2005, 2006, 2007, 2008, 2009, 2010, 2011, 2012, 2013, 2014, 2015, 2016, 2017, 2018, 2019]
MWI: [2000, 2001, 2002, 2003, 2004, 2005, 2006, 2007, 2008, 2009, 2010, 2011, 2012, 2013, 2014, 2015, 2016, 2017, 2018, 2019]
NAM: [2000, 2001, 2002, 2003, 2004, 2005, 2006, 2007, 2008, 2009, 2010, 2011, 2012, 2013, 2014, 2015, 2016, 2017, 2018, 2019]
NER: [2000, 2001, 2002, 2003, 2004, 2005, 2006, 2007, 2008, 2009, 2010, 2011, 2012, 2013, 2014, 2015, 2016, 2017, 2018, 2019]
NGA: [2000, 2001, 2002, 2003, 2004, 2005, 2006, 2007, 2008, 2009, 2010, 2011, 2012, 2013, 2014, 2015, 2016, 2017, 2018, 2019]
RWA: [2000, 2001, 2002, 2003, 2004, 2005, 2006, 2007, 2008, 2009, 2010, 2011, 2012, 2013, 2014, 2015, 2016, 2017, 2018, 2019]
SDN: [2000, 2001, 2002, 2003, 2004, 2005, 2006, 2007, 2008, 2009, 2010, 2011, 2012, 2013, 2014, 2015, 2016, 2017, 2018, 2019]
SEN: [2000, 2001, 2002, 2003, 2004, 2005, 2006, 2007, 2008, 2009, 2010, 2011, 2012, 2013, 2014, 2015, 2016, 2017, 2018, 2019]
SLE: [2000, 2001, 2002, 2003, 2004, 2005, 2006, 2007, 2008, 2009, 2010, 2011, 2012, 2013, 2014, 2015, 2016, 2017, 2018, 2019]
SOM: [2000, 2001, 2002, 2003, 2004, 2005, 2006, 2007, 2008, 2009, 2010, 2011, 2012, 2013, 2014, 2015, 2016, 2017, 2018, 2019]
SWZ: [2000, 2001, 2002, 2003, 2004, 2005, 2006, 2007, 2008, 2009, 2010, 2011, 2012, 2013, 2014, 2015, 2016, 2017, 2018, 2019]
TCD: [2000, 2001, 2002, 2003, 2004, 2005, 2006, 2007, 2008, 2009, 2010, 2011, 2012, 2013, 2014, 2015, 2016, 2017, 2018, 2019]
TGO: [2000, 2001, 2002, 2003, 2004, 2005, 2006, 2007, 2008, 2009, 2010, 2011, 2012, 2013, 2014, 2015, 2016, 2017, 2018, 2019]
TUN: [2000, 2001, 2002, 2003, 2004, 2005, 2006, 2007, 2008, 2009, 2010, 2011, 2012, 2013, 2014, 2015, 2016, 2017, 2018, 2019]
TZA: [2000, 2001, 2002, 2003, 2004, 2005, 2006, 2007, 2008, 2009, 2010, 2011, 2012, 2013, 2014, 2015, 2016, 2017, 2018, 2019]
UGA: [2000, 2001, 2002, 2003, 2004, 2005, 2006, 2007, 2008, 2009, 2010, 2011, 2012, 2013, 2014, 2015, 2016, 2017, 2018, 2019]
ZAF: [2000, 2001, 2002, 2003, 2004, 2005, 2006, 2007, 2008, 2009, 2010, 2011, 2012, 2013, 2014, 2015, 2016, 2017, 2018, 2019]
ZMB: [2000, 2001, 2002, 2003, 2004, 2005, 2006, 2007, 2008, 2009, 2010, 2011, 2012, 2013, 2014, 2015, 2016, 2017, 2018, 2019]
ZWE: [2000, 2001, 2002, 2003, 2004, 2005, 2006, 2007, 2008, 2009, 2010, 2011, 2012, 2013, 2014, 2015, 2016, 2017, 2018, 2019]
BGD: [2010, 2011, 2012, 2013, 2014, 2015, 2016, 2017, 2018, 2019]
KHM: [2010, 2011, 2012, 2013, 2014, 2015, 2016, 2017, 2018, 2019]
LAO: [2010, 2011, 2012, 2013, 2014, 2015, 2016, 2017, 2018, 2019]
LKA: [2010, 2011, 2012, 2013, 2014, 2015, 2016, 2017, 2018, 2019]
MMR: [2010, 2011, 2012, 2013, 2014, 2015, 2016, 2017, 2018, 2019]
NPL: [2010, 2011, 2012, 2013, 2014, 2015, 2016, 2017, 2018, 2019]
PAK: [2010, 2011, 2012, 2013, 2014, 2015, 2016, 2017, 2018, 2019]
THA: [2010, 2011, 2012, 2013, 2014, 2015, 2016, 2017, 2018, 2019]
VNM: [2010, 2011, 2012, 2013, 2014, 2015, 2016, 2017, 2018, 2019]
SSD: [2011, 2012, 2013, 2014, 2015, 2016, 2017, 2018, 2019]
IDN: [2015, 2016, 2017, 2018, 2019]
SAU: [2015, 2016, 2017, 2018, 2019]
YEM: [2015, 2016, 2017, 2018, 2019]
BHR: [2016, 2017, 2018, 2019]
IND: [2016, 2017, 2018, 2019]
IRN: [2016, 2017, 2018, 2019]
IRQ: [2016, 2017, 2018, 2019]
ISR: [2016, 2017, 2018, 2019]
JOR: [2016, 2017, 2018, 2019]
KWT: [2016, 2017, 2018, 2019]
LBN: [2016, 2017, 2018, 2019]
OMN: [2016, 2017, 2018, 2019]
PHL: [2016, 2017, 2018, 2019]
TUR: [2016, 2017, 2018, 2019]
AFG: [2017, 2018, 2019]
ARE: [2017, 2018, 2019]
QAT: [2017, 2018, 2019]
SYR: [2017, 2018, 2019]
ALB: [2018, 2019]
ARG: [2018, 2019]
ARM: [2018, 2019]
ATG: [2018, 2019]
AZE: [2018, 2019]
BGR: [2018, 2019]
BHS: [2018, 2019]
BIH: [2018, 2019]
BLR: [2018, 2019]
BLZ: [2018, 2019]
BOL: [2018, 2019]
BRA: [2018, 2019]
BRB: [2018, 2019]
CHL: [2018, 2019]
CHN: [2018, 2019]
COL: [2018, 2019]
CRI: [2018, 2019]
CUB: [2018, 2019]
CYP: [2018, 2019]
DMA: [2018, 2019]
DOM: [2018, 2019]
ECU: [2018, 2019]
GEO: [2018, 2019]
GRC: [2018, 2019]
GRD: [2018, 2019]
GTM: [2018, 2019]
GUY: [2018, 2019]
HND: [2018, 2019]
HRV: [2018, 2019]
HTI: [2018, 2019]
JAM: [2018, 2019]
JPN: [2018, 2019]
KAZ: [2018, 2019]
KGZ: [2018, 2019]
KNA: [2018, 2019]
KOR: [2018, 2019]
LCA: [2018, 2019]
MDA: [2018, 2019]
MEX: [2018, 2019]
MKD: [2018, 2019]
MNE: [2018, 2019]
MNG: [2018, 2019]
MYS: [2018, 2019]
NIC: [2018, 2019]
PAN: [2018, 2019]
PER: [2018, 2019]
PRK: [2018, 2019]
PRY: [2018, 2019]
ROM: [2018, 2019]
RUS: [2018, 2019]
SLV: [2018, 2019]
SUR: [2018, 2019]
TJK: [2018, 2019]
TKM: [2018, 2019]
TTO: [2018, 2019]
TWN: [2018, 2019]
UKR: [2018, 2019]
URY: [2018, 2019]
UZB: [2018, 2019]
VEN: [2018, 2019]
ABW: [2019]
